[gd_scene load_steps=11 format=3 uid="uid://sbscq77w8x23"]

[ext_resource type="Script" path="res://addons/phantom_camera/scripts/phantom_camera_host/phantom_camera_host.gd" id="1_1ouug"]
[ext_resource type="Script" path="res://addons/phantom_camera/scripts/phantom_camera/phantom_camera_3D.gd" id="2_y3dy8"]
[ext_resource type="PackedScene" path="res://addons/phantom_camera/examples/Models/3DPrototypeCubeDark.tscn" id="3_f5qrw"]
[ext_resource type="Script" path="res://addons/phantom_camera/examples/scripts/3D/trigger_area.gd" id="4_moad5"]
[ext_resource type="Script" path="res://addons/phantom_camera/examples/scripts/3D/player_controller.gd" id="5_c85ys"]

[sub_resource type="CapsuleMesh" id="CapsuleMesh_g0eml"]

[sub_resource type="StandardMaterial3D" id="StandardMaterial3D_flw6w"]
albedo_color = Color(0.988235, 0.498039, 0.498039, 1)

[sub_resource type="CapsuleShape3D" id="CapsuleShape3D_dy1i7"]

[sub_resource type="BoxMesh" id="BoxMesh_p0hcn"]
size = Vector3(2, 0.1, 2)

[sub_resource type="BoxShape3D" id="BoxShape3D_ctyr8"]
size = Vector3(3, 1, 3)

[node name="Root" type="Node3D"]

[node name="Camera3D" type="Camera3D" parent="."]
transform = Transform3D(0.999999, 0.000656691, -0.00104362, 0, 0.846381, 0.532578, 0.00123304, -0.532578, 0.84638, -0.0127372, 3.5, 7.32989)

[node name="PhantomCameraHost" type="Node" parent="Camera3D"]
script = ExtResource("1_1ouug")

[node name="Floor" parent="." instance=ExtResource("3_f5qrw")]
transform = Transform3D(1000, 0, 0, 0, 1, 0, 0, 0, 1000, 0, -1, 0)

[node name="----------------------------------------------------------" type="Node" parent="."]

[node name="PlayerPhantomCamera3D" type="Node3D" parent="."]
transform = Transform3D(0.999999, 0.000656691, -0.00104362, 0, 0.846381, 0.532578, 0.00123304, -0.532578, 0.846381, -0.0127372, 3.5, 7.32989)
script = ExtResource("2_y3dy8")
Priority = 3
"Follow Target" = NodePath("../PlayerCharacterBody3D")
"Follow Parameters/Follow Target Offset" = Vector3(0, 3, 3)
"Look At Target" = NodePath("")
"Tween Properties/Duration" = 1.0
"Tween Properties/Transition" = 1
"Tween Properties/Ease" = 0

[node name="PlayerCharacterBody3D" type="CharacterBody3D" parent="."]
transform = Transform3D(1, 0, 0, 0, 1, 0, 0, 0, 1, -0.0127372, 0.5, 4.32989)
script = ExtResource("5_c85ys")

[node name="PlayerMeshInstance" type="MeshInstance3D" parent="PlayerCharacterBody3D"]
transform = Transform3D(1, 4.83851e-10, 0, 4.25644e-10, 1, -7.45058e-09, 0, 7.45058e-09, 1, 0, 0, 0)
mesh = SubResource("CapsuleMesh_g0eml")
skeleton = NodePath("../..")
surface_material_override/0 = SubResource("StandardMaterial3D_flw6w")

[node name="PlayerCollisionShape3D" type="CollisionShape3D" parent="PlayerCharacterBody3D"]
shape = SubResource("CapsuleShape3D_dy1i7")

[node name="Area3D" type="Area3D" parent="PlayerCharacterBody3D"]

[node name="PlayerCollisionShape3D" type="CollisionShape3D" parent="PlayerCharacterBody3D/Area3D"]
shape = SubResource("CapsuleShape3D_dy1i7")

[node name="-----------------------------------------------------------" type="Node" parent="."]

[node name="AreaPhantomCamera3D" type="Node3D" parent="."]
transform = Transform3D(0.999999, 0, 0, 0, 0.268619, 0.963246, 0, -0.963246, 0.268619, 0, 5.833, 1.62664)
script = ExtResource("2_y3dy8")
Priority = 1
"Follow Target" = NodePath("")
"Look At Target" = NodePath("../Node3D")
"Look At Parameters/Look At Target Offset" = Vector3(0, 0, 0)
"Tween Properties/Duration" = 1.0
"Tween Properties/Transition" = 0

[node name="Area3D" type="Area3D" parent="." node_paths=PackedStringArray("area_pcam")]
transform = Transform3D(1, 0, 0, 0, 1, 0, 0, 0, 1, 0.00365114, 0, 0.126347)
priority = 5.0
script = ExtResource("4_moad5")
area_pcam = NodePath("../AreaPhantomCamera3D")

[node name="MeshInstance3D" type="MeshInstance3D" parent="Area3D"]
transform = Transform3D(1, 0, 0, 0, 1, 0, 0, 0, 1, 0, -0.45, 0)
mesh = SubResource("BoxMesh_p0hcn")

[node name="CollisionShape3D" type="CollisionShape3D" parent="Area3D"]
shape = SubResource("BoxShape3D_ctyr8")

[node name="DirectionalLight3D" type="DirectionalLight3D" parent="."]
transform = Transform3D(1, 0, 0, 0, 0.707107, 0.707107, 0, -0.707107, 0.707107, 0, 8, 0)

[node name="ZoneTrigger" type="Label3D" parent="."]
transform = Transform3D(1, 0, 0, 0, 0.707107, 0.707107, 0, -0.707107, 0.707107, -0.000132173, -0.154535, -0.602159)
text = "Zone Trigger"
font_size = 64

[node name="Node3D" type="Node3D" parent="."]
